>CAMATTGATTGC	5-GCAATCAATKTG	6.822509	-13.612903	0	T:7.0(3.14%),B:112.0(0.24%),P:1e-5
0.001	0.582	0.139	0.278
0.721	0.139	0.001	0.139
0.417	0.443	0.001	0.139
0.582	0.278	0.001	0.139
0.001	0.138	0.001	0.860
0.001	0.139	0.022	0.838
0.022	0.001	0.838	0.139
0.838	0.022	0.139	0.001
0.277	0.001	0.001	0.721
0.139	0.278	0.139	0.443
0.001	0.278	0.582	0.139
0.278	0.582	0.139	0.001
