>CCAAGGAC	1-CCAAGGAC	8.834718	-17.904768	0	T:8.0(1.84%),B:47.9(0.10%),P:1e-7	Tpos:9.1,Tstd:2.6,Bpos:9.0,Bstd:4.0,StrandBias:0.0,Multiplicity:1.00
0.001	0.890	0.001	0.108
0.001	0.997	0.001	0.001
0.691	0.001	0.001	0.307
0.997	0.001	0.001	0.001
0.001	0.173	0.825	0.001
0.001	0.001	0.997	0.001
0.997	0.001	0.001	0.001
0.001	0.997	0.001	0.001
>CATAAGCG	2-CATAAGCG	7.107219	-16.914015	0	T:5.0(1.15%),B:10.3(0.02%),P:1e-7	Tpos:12.0,Tstd:2.3,Bpos:7.7,Bstd:3.6,StrandBias:10.0,Multiplicity:1.00
0.174	0.824	0.001	0.001
0.997	0.001	0.001	0.001
0.001	0.001	0.001	0.997
0.997	0.001	0.001	0.001
0.997	0.001	0.001	0.001
0.001	0.109	0.889	0.001
0.001	0.997	0.001	0.001
0.001	0.001	0.997	0.001
>TGATTGAG	3-TGATTGAG	7.814024	-16.549415	0	T:11.0(2.53%),B:135.5(0.28%),P:1e-7	Tpos:9.4,Tstd:3.8,Bpos:9.0,Bstd:3.7,StrandBias:-0.3,Multiplicity:1.00
0.001	0.001	0.001	0.997
0.001	0.091	0.907	0.001
0.785	0.119	0.095	0.001
0.001	0.056	0.047	0.896
0.001	0.001	0.059	0.939
0.114	0.001	0.884	0.001
0.802	0.001	0.095	0.102
0.109	0.001	0.889	0.001
>TTCTTCAA	4-TTCTTCAA	7.281383	-15.758220	0	T:16.0(3.68%),B:341.2(0.71%),P:1e-6	Tpos:8.4,Tstd:3.2,Bpos:8.7,Bstd:4.0,StrandBias:-0.2,Multiplicity:1.00
0.001	0.001	0.086	0.912
0.001	0.062	0.001	0.936
0.001	0.997	0.001	0.001
0.092	0.075	0.170	0.663
0.001	0.127	0.001	0.871
0.001	0.927	0.001	0.071
0.869	0.129	0.001	0.001
0.883	0.056	0.001	0.060
>CSGCGTCC	5-CSGCGTCC	5.378648	-11.518078	0	T:10.0(2.30%),B:186.2(0.39%),P:1e-5	Tpos:7.7,Tstd:3.1,Bpos:9.2,Bstd:3.2,StrandBias:1.2,Multiplicity:1.00
0.001	0.883	0.115	0.001
0.178	0.439	0.382	0.001
0.001	0.001	0.997	0.001
0.001	0.997	0.001	0.001
0.164	0.001	0.834	0.001
0.001	0.001	0.001	0.997
0.001	0.997	0.001	0.001
0.001	0.997	0.001	0.001
