>SAYCWGMATA	1-SAYCWGMATA	7.928136	-24.159639	0	T:6.0(1.38%),B:6.7(0.01%),P:1e-10	Tpos:7.5,Tstd:2.0,Bpos:8.5,Bstd:2.8,StrandBias:10.0,Multiplicity:1.00
0.001	0.547	0.451	0.001
0.997	0.001	0.001	0.001
0.001	0.547	0.001	0.451
0.001	0.997	0.001	0.001
0.547	0.001	0.001	0.451
0.001	0.001	0.997	0.001
0.547	0.451	0.001	0.001
0.997	0.001	0.001	0.001
0.001	0.030	0.001	0.968
0.997	0.001	0.001	0.001
>GAAATCCTAC	2-GAAATCCTAC	7.421999	-20.342659	0	T:5.0(1.15%),B:5.4(0.01%),P:1e-8	Tpos:10.6,Tstd:3.4,Bpos:9.4,Bstd:2.9,StrandBias:-0.6,Multiplicity:1.00
0.001	0.001	0.997	0.001
0.997	0.001	0.001	0.001
0.997	0.001	0.001	0.001
0.941	0.001	0.057	0.001
0.001	0.001	0.001	0.997
0.001	0.824	0.001	0.174
0.001	0.997	0.001	0.001
0.001	0.174	0.001	0.824
0.997	0.001	0.001	0.001
0.001	0.941	0.057	0.001
>GATAGTTCTC	3-GATAGTTCTC	6.503947	-19.194428	0	T:7.0(1.61%),B:25.2(0.05%),P:1e-8	Tpos:11.6,Tstd:1.0,Bpos:8.2,Bstd:2.5,StrandBias:0.4,Multiplicity:1.00
0.001	0.001	0.997	0.001
0.997	0.001	0.001	0.001
0.001	0.001	0.001	0.997
0.997	0.001	0.001	0.001
0.001	0.001	0.997	0.001
0.001	0.001	0.174	0.824
0.001	0.043	0.001	0.955
0.044	0.824	0.044	0.088
0.001	0.001	0.001	0.997
0.001	0.997	0.001	0.001
>TTGGCMCAGG	4-TTGGCMCAGG	7.809434	-17.166207	0	T:12.0(2.76%),B:158.0(0.33%),P:1e-7	Tpos:8.7,Tstd:2.2,Bpos:8.7,Bstd:3.2,StrandBias:0.7,Multiplicity:1.00
0.252	0.001	0.001	0.746
0.001	0.001	0.215	0.783
0.126	0.126	0.747	0.001
0.001	0.089	0.909	0.001
0.001	0.997	0.001	0.001
0.495	0.378	0.126	0.001
0.125	0.873	0.001	0.001
0.873	0.125	0.001	0.001
0.125	0.001	0.873	0.001
0.126	0.001	0.747	0.126
>CTGGAAGAAG	5-CTGGAAGAAG	4.834892	-16.608611	0	T:52.0(11.95%),B:2565.8(5.32%),P:1e-7	Tpos:8.1,Tstd:2.9,Bpos:8.9,Bstd:3.3,StrandBias:0.3,Multiplicity:1.02
0.090	0.743	0.056	0.111
0.088	0.058	0.146	0.708
0.056	0.040	0.756	0.148
0.175	0.129	0.622	0.074
0.646	0.091	0.182	0.081
0.761	0.037	0.181	0.021
0.199	0.038	0.682	0.081
0.701	0.056	0.122	0.121
0.649	0.040	0.203	0.108
0.118	0.040	0.739	0.103
>SAYCWGMATAAG	1-SAYCWGMATAAG	9.114924	-30.720834	0	T:6.0(1.38%),B:2.2(0.00%),P:1e-13	Tpos:8.5,Tstd:2.0,Bpos:7.7,Bstd:2.5,StrandBias:10.0,Multiplicity:1.00
0.001	0.547	0.451	0.001
0.997	0.001	0.001	0.001
0.001	0.547	0.001	0.451
0.001	0.997	0.001	0.001
0.547	0.001	0.001	0.451
0.001	0.001	0.997	0.001
0.547	0.451	0.001	0.001
0.997	0.001	0.001	0.001
0.001	0.078	0.001	0.920
0.997	0.001	0.001	0.001
0.997	0.001	0.001	0.001
0.079	0.016	0.904	0.001
>YTRGCAAMGGMT	2-YTRGCAAMGGMT	11.847395	-28.360148	0	T:5.0(1.15%),B:1.7(0.00%),P:1e-12	Tpos:9.8,Tstd:2.3,Bpos:6.8,Bstd:0.9,StrandBias:10.0,Multiplicity:1.00
0.001	0.451	0.001	0.547
0.001	0.001	0.001	0.997
0.451	0.001	0.547	0.001
0.001	0.001	0.997	0.001
0.001	0.997	0.001	0.001
0.997	0.001	0.001	0.001
0.903	0.095	0.001	0.001
0.547	0.451	0.001	0.001
0.001	0.001	0.997	0.001
0.001	0.001	0.997	0.001
0.451	0.547	0.001	0.001
0.001	0.001	0.001	0.997
>CTCTABAACTAC	3-CTCTABAACTAC	7.176236	-25.245950	0	T:6.0(1.38%),B:5.6(0.01%),P:1e-10	Tpos:9.7,Tstd:1.8,Bpos:8.3,Bstd:2.7,StrandBias:-1.0,Multiplicity:1.00
0.001	0.997	0.001	0.001
0.001	0.001	0.001	0.997
0.310	0.688	0.001	0.001
0.001	0.001	0.001	0.997
0.997	0.001	0.001	0.001
0.001	0.333	0.355	0.311
0.997	0.001	0.001	0.001
0.622	0.066	0.001	0.311
0.021	0.977	0.001	0.001
0.001	0.310	0.001	0.688
0.666	0.001	0.001	0.332
0.311	0.666	0.001	0.022
>CTGTAAGAAGAG	4-CTGTAAGAAGAG	10.962551	-22.448779	0	T:6.0(1.38%),B:8.6(0.02%),P:1e-9	Tpos:9.3,Tstd:3.3,Bpos:10.7,Bstd:2.3,StrandBias:0.0,Multiplicity:1.00
0.310	0.688	0.001	0.001
0.001	0.001	0.001	0.997
0.001	0.001	0.688	0.310
0.311	0.001	0.066	0.622
0.688	0.310	0.001	0.001
0.997	0.001	0.001	0.001
0.001	0.310	0.688	0.001
0.997	0.001	0.001	0.001
0.997	0.001	0.001	0.001
0.001	0.001	0.688	0.310
0.655	0.001	0.001	0.343
0.001	0.001	0.997	0.001
>CRCSTCSSGRCK	5-CRCSTCSSGRCK	12.428017	-22.032760	0	T:4.0(0.92%),B:1.8(0.00%),P:1e-9	Tpos:8.5,Tstd:2.4,Bpos:10.0,Bstd:0.0,StrandBias:1.0,Multiplicity:1.00
0.001	0.997	0.001	0.001
0.547	0.001	0.451	0.001
0.001	0.997	0.001	0.001
0.001	0.499	0.499	0.001
0.001	0.001	0.001	0.997
0.001	0.997	0.001	0.001
0.001	0.499	0.499	0.001
0.001	0.451	0.547	0.001
0.001	0.001	0.997	0.001
0.547	0.001	0.451	0.001
0.001	0.997	0.001	0.001
0.001	0.001	0.547	0.451
>CCAAGGAC	1-CCAAGGAC	8.834718	-17.904768	0	T:8.0(1.84%),B:47.9(0.10%),P:1e-7	Tpos:9.1,Tstd:2.6,Bpos:9.0,Bstd:4.0,StrandBias:0.0,Multiplicity:1.00
0.001	0.890	0.001	0.108
0.001	0.997	0.001	0.001
0.691	0.001	0.001	0.307
0.997	0.001	0.001	0.001
0.001	0.173	0.825	0.001
0.001	0.001	0.997	0.001
0.997	0.001	0.001	0.001
0.001	0.997	0.001	0.001
>CATAAGCG	2-CATAAGCG	7.107219	-16.914015	0	T:5.0(1.15%),B:10.3(0.02%),P:1e-7	Tpos:12.0,Tstd:2.3,Bpos:7.7,Bstd:3.6,StrandBias:10.0,Multiplicity:1.00
0.174	0.824	0.001	0.001
0.997	0.001	0.001	0.001
0.001	0.001	0.001	0.997
0.997	0.001	0.001	0.001
0.997	0.001	0.001	0.001
0.001	0.109	0.889	0.001
0.001	0.997	0.001	0.001
0.001	0.001	0.997	0.001
>TGATTGAG	3-TGATTGAG	7.814024	-16.549415	0	T:11.0(2.53%),B:135.5(0.28%),P:1e-7	Tpos:9.4,Tstd:3.8,Bpos:9.0,Bstd:3.7,StrandBias:-0.3,Multiplicity:1.00
0.001	0.001	0.001	0.997
0.001	0.091	0.907	0.001
0.785	0.119	0.095	0.001
0.001	0.056	0.047	0.896
0.001	0.001	0.059	0.939
0.114	0.001	0.884	0.001
0.802	0.001	0.095	0.102
0.109	0.001	0.889	0.001
>TTCTTCAA	4-TTCTTCAA	7.281383	-15.758220	0	T:16.0(3.68%),B:341.2(0.71%),P:1e-6	Tpos:8.4,Tstd:3.2,Bpos:8.7,Bstd:4.0,StrandBias:-0.2,Multiplicity:1.00
0.001	0.001	0.086	0.912
0.001	0.062	0.001	0.936
0.001	0.997	0.001	0.001
0.092	0.075	0.170	0.663
0.001	0.127	0.001	0.871
0.001	0.927	0.001	0.071
0.869	0.129	0.001	0.001
0.883	0.056	0.001	0.060
>CSGCGTCC	5-CSGCGTCC	5.378648	-11.518078	0	T:10.0(2.30%),B:186.2(0.39%),P:1e-5	Tpos:7.7,Tstd:3.1,Bpos:9.2,Bstd:3.2,StrandBias:1.2,Multiplicity:1.00
0.001	0.883	0.115	0.001
0.178	0.439	0.382	0.001
0.001	0.001	0.997	0.001
0.001	0.997	0.001	0.001
0.164	0.001	0.834	0.001
0.001	0.001	0.001	0.997
0.001	0.997	0.001	0.001
0.001	0.997	0.001	0.001
