>SAYCWGMATA	1-SAYCWGMATA	7.928136	-24.159639	0	T:6.0(1.38%),B:6.7(0.01%),P:1e-10	Tpos:7.5,Tstd:2.0,Bpos:8.5,Bstd:2.8,StrandBias:10.0,Multiplicity:1.00
0.001	0.547	0.451	0.001
0.997	0.001	0.001	0.001
0.001	0.547	0.001	0.451
0.001	0.997	0.001	0.001
0.547	0.001	0.001	0.451
0.001	0.001	0.997	0.001
0.547	0.451	0.001	0.001
0.997	0.001	0.001	0.001
0.001	0.030	0.001	0.968
0.997	0.001	0.001	0.001
>GAAATCCTAC	2-GAAATCCTAC	7.421999	-20.342659	0	T:5.0(1.15%),B:5.4(0.01%),P:1e-8	Tpos:10.6,Tstd:3.4,Bpos:9.4,Bstd:2.9,StrandBias:-0.6,Multiplicity:1.00
0.001	0.001	0.997	0.001
0.997	0.001	0.001	0.001
0.997	0.001	0.001	0.001
0.941	0.001	0.057	0.001
0.001	0.001	0.001	0.997
0.001	0.824	0.001	0.174
0.001	0.997	0.001	0.001
0.001	0.174	0.001	0.824
0.997	0.001	0.001	0.001
0.001	0.941	0.057	0.001
>GATAGTTCTC	3-GATAGTTCTC	6.503947	-19.194428	0	T:7.0(1.61%),B:25.2(0.05%),P:1e-8	Tpos:11.6,Tstd:1.0,Bpos:8.2,Bstd:2.5,StrandBias:0.4,Multiplicity:1.00
0.001	0.001	0.997	0.001
0.997	0.001	0.001	0.001
0.001	0.001	0.001	0.997
0.997	0.001	0.001	0.001
0.001	0.001	0.997	0.001
0.001	0.001	0.174	0.824
0.001	0.043	0.001	0.955
0.044	0.824	0.044	0.088
0.001	0.001	0.001	0.997
0.001	0.997	0.001	0.001
>TTGGCMCAGG	4-TTGGCMCAGG	7.809434	-17.166207	0	T:12.0(2.76%),B:158.0(0.33%),P:1e-7	Tpos:8.7,Tstd:2.2,Bpos:8.7,Bstd:3.2,StrandBias:0.7,Multiplicity:1.00
0.252	0.001	0.001	0.746
0.001	0.001	0.215	0.783
0.126	0.126	0.747	0.001
0.001	0.089	0.909	0.001
0.001	0.997	0.001	0.001
0.495	0.378	0.126	0.001
0.125	0.873	0.001	0.001
0.873	0.125	0.001	0.001
0.125	0.001	0.873	0.001
0.126	0.001	0.747	0.126
>CTGGAAGAAG	5-CTGGAAGAAG	4.834892	-16.608611	0	T:52.0(11.95%),B:2565.8(5.32%),P:1e-7	Tpos:8.1,Tstd:2.9,Bpos:8.9,Bstd:3.3,StrandBias:0.3,Multiplicity:1.02
0.090	0.743	0.056	0.111
0.088	0.058	0.146	0.708
0.056	0.040	0.756	0.148
0.175	0.129	0.622	0.074
0.646	0.091	0.182	0.081
0.761	0.037	0.181	0.021
0.199	0.038	0.682	0.081
0.701	0.056	0.122	0.121
0.649	0.040	0.203	0.108
0.118	0.040	0.739	0.103
