>SAYCWGMATAAG	1-SAYCWGMATAAG	9.114924	-30.720834	0	T:6.0(1.38%),B:2.2(0.00%),P:1e-13	Tpos:8.5,Tstd:2.0,Bpos:7.7,Bstd:2.5,StrandBias:10.0,Multiplicity:1.00
0.001	0.547	0.451	0.001
0.997	0.001	0.001	0.001
0.001	0.547	0.001	0.451
0.001	0.997	0.001	0.001
0.547	0.001	0.001	0.451
0.001	0.001	0.997	0.001
0.547	0.451	0.001	0.001
0.997	0.001	0.001	0.001
0.001	0.078	0.001	0.920
0.997	0.001	0.001	0.001
0.997	0.001	0.001	0.001
0.079	0.016	0.904	0.001
>YTRGCAAMGGMT	2-YTRGCAAMGGMT	11.847395	-28.360148	0	T:5.0(1.15%),B:1.7(0.00%),P:1e-12	Tpos:9.8,Tstd:2.3,Bpos:6.8,Bstd:0.9,StrandBias:10.0,Multiplicity:1.00
0.001	0.451	0.001	0.547
0.001	0.001	0.001	0.997
0.451	0.001	0.547	0.001
0.001	0.001	0.997	0.001
0.001	0.997	0.001	0.001
0.997	0.001	0.001	0.001
0.903	0.095	0.001	0.001
0.547	0.451	0.001	0.001
0.001	0.001	0.997	0.001
0.001	0.001	0.997	0.001
0.451	0.547	0.001	0.001
0.001	0.001	0.001	0.997
>CTCTABAACTAC	3-CTCTABAACTAC	7.176236	-25.245950	0	T:6.0(1.38%),B:5.6(0.01%),P:1e-10	Tpos:9.7,Tstd:1.8,Bpos:8.3,Bstd:2.7,StrandBias:-1.0,Multiplicity:1.00
0.001	0.997	0.001	0.001
0.001	0.001	0.001	0.997
0.310	0.688	0.001	0.001
0.001	0.001	0.001	0.997
0.997	0.001	0.001	0.001
0.001	0.333	0.355	0.311
0.997	0.001	0.001	0.001
0.622	0.066	0.001	0.311
0.021	0.977	0.001	0.001
0.001	0.310	0.001	0.688
0.666	0.001	0.001	0.332
0.311	0.666	0.001	0.022
>CTGTAAGAAGAG	4-CTGTAAGAAGAG	10.962551	-22.448779	0	T:6.0(1.38%),B:8.6(0.02%),P:1e-9	Tpos:9.3,Tstd:3.3,Bpos:10.7,Bstd:2.3,StrandBias:0.0,Multiplicity:1.00
0.310	0.688	0.001	0.001
0.001	0.001	0.001	0.997
0.001	0.001	0.688	0.310
0.311	0.001	0.066	0.622
0.688	0.310	0.001	0.001
0.997	0.001	0.001	0.001
0.001	0.310	0.688	0.001
0.997	0.001	0.001	0.001
0.997	0.001	0.001	0.001
0.001	0.001	0.688	0.310
0.655	0.001	0.001	0.343
0.001	0.001	0.997	0.001
>CRCSTCSSGRCK	5-CRCSTCSSGRCK	12.428017	-22.032760	0	T:4.0(0.92%),B:1.8(0.00%),P:1e-9	Tpos:8.5,Tstd:2.4,Bpos:10.0,Bstd:0.0,StrandBias:1.0,Multiplicity:1.00
0.001	0.997	0.001	0.001
0.547	0.001	0.451	0.001
0.001	0.997	0.001	0.001
0.001	0.499	0.499	0.001
0.001	0.001	0.001	0.997
0.001	0.997	0.001	0.001
0.001	0.499	0.499	0.001
0.001	0.451	0.547	0.001
0.001	0.001	0.997	0.001
0.547	0.001	0.451	0.001
0.001	0.997	0.001	0.001
0.001	0.001	0.547	0.451
