>WTCCTHTC	1-WTCCTHTC	5.789583	-15.910489	0	T:19.0(8.52%),B:930.4(1.96%),P:1e-6	Tpos:9.8,Tstd:3.3,Bpos:8.9,Bstd:3.3,StrandBias:1.6,Multiplicity:1.05
0.462	0.001	0.101	0.436
0.006	0.095	0.213	0.686
0.110	0.703	0.093	0.094
0.001	0.986	0.012	0.001
0.342	0.006	0.001	0.651
0.278	0.323	0.100	0.299
0.001	0.001	0.001	0.997
0.001	0.760	0.238	0.001
>MTCTCTGG	2-MTCTCTGG	7.107094	-14.410761	0	T:9.0(4.04%),B:198.8(0.42%),P:1e-6	Tpos:11.0,Tstd:3.2,Bpos:9.1,Bstd:3.8,StrandBias:1.0,Multiplicity:1.00
0.429	0.569	0.001	0.001
0.001	0.001	0.001	0.997
0.001	0.997	0.001	0.001
0.001	0.001	0.052	0.946
0.001	0.997	0.001	0.001
0.001	0.001	0.001	0.997
0.001	0.001	0.997	0.001
0.001	0.359	0.639	0.001
>TGATTCAG	3-TGATTCAG	5.000356	-12.796912	0	T:20.0(8.97%),B:1260.6(2.66%),P:1e-5	Tpos:10.6,Tstd:3.4,Bpos:9.0,Bstd:3.8,StrandBias:1.0,Multiplicity:1.05
0.001	0.030	0.067	0.902
0.046	0.125	0.604	0.225
0.709	0.048	0.072	0.171
0.118	0.183	0.089	0.610
0.058	0.102	0.036	0.804
0.082	0.828	0.030	0.060
0.816	0.067	0.029	0.088
0.081	0.059	0.741	0.119
>AGGACCTC	4-AGGACCTC	7.839830	-12.208669	0	T:8.0(3.59%),B:195.9(0.41%),P:1e-5	Tpos:6.8,Tstd:2.4,Bpos:8.9,Bstd:3.1,StrandBias:0.6,Multiplicity:1.12
0.997	0.001	0.001	0.001
0.129	0.001	0.869	0.001
0.001	0.095	0.751	0.153
0.807	0.104	0.088	0.001
0.001	0.899	0.099	0.001
0.001	0.997	0.001	0.001
0.122	0.001	0.001	0.876
0.001	0.904	0.094	0.001
>CACCCGGG	5-CACCCGGG	8.861172	-8.687694	0	T:3.0(1.35%),B:22.8(0.05%),P:1e-3	Tpos:5.0,Tstd:2.2,Bpos:9.1,Bstd:3.4,StrandBias:1.0,Multiplicity:1.00
0.094	0.724	0.181	0.001
0.593	0.358	0.001	0.048
0.001	0.900	0.001	0.098
0.001	0.997	0.001	0.001
0.229	0.613	0.001	0.157
0.196	0.001	0.520	0.283
0.097	0.023	0.879	0.001
0.001	0.001	0.997	0.001
