>CTTTCSMGTG	1-CTTTCSMGTG	10.112961	-21.928560	0	T:5.0(2.24%),B:7.8(0.02%),P:1e-9	Tpos:10.4,Tstd:1.6,Bpos:10.8,Bstd:3.0,StrandBias:0.6,Multiplicity:1.00
0.001	0.997	0.001	0.001
0.001	0.024	0.001	0.974
0.001	0.001	0.001	0.997
0.001	0.001	0.001	0.997
0.001	0.997	0.001	0.001
0.001	0.541	0.457	0.001
0.541	0.457	0.001	0.001
0.001	0.001	0.914	0.084
0.001	0.001	0.001	0.997
0.001	0.001	0.997	0.001
>CAGGATGAGT	2-CAGGATGAGT	9.524883	-20.826597	0	T:7.0(3.14%),B:38.8(0.08%),P:1e-9	Tpos:7.1,Tstd:1.9,Bpos:8.9,Bstd:3.5,StrandBias:-0.4,Multiplicity:1.00
0.001	0.997	0.001	0.001
0.524	0.221	0.001	0.254
0.254	0.001	0.744	0.001
0.001	0.001	0.997	0.001
0.997	0.001	0.001	0.001
0.001	0.001	0.001	0.997
0.001	0.011	0.987	0.001
0.545	0.233	0.001	0.221
0.266	0.221	0.512	0.001
0.001	0.001	0.254	0.744
>AAGACCCHGG	3-AAGACCCHGG	6.411775	-17.944742	0	T:12.0(5.38%),B:285.5(0.60%),P:1e-7	Tpos:9.4,Tstd:2.6,Bpos:9.3,Bstd:3.3,StrandBias:0.3,Multiplicity:1.00
0.687	0.160	0.107	0.046
0.484	0.207	0.196	0.113
0.001	0.157	0.730	0.112
0.666	0.162	0.116	0.056
0.150	0.499	0.056	0.295
0.035	0.908	0.056	0.001
0.275	0.453	0.168	0.103
0.263	0.273	0.116	0.348
0.001	0.115	0.883	0.001
0.351	0.001	0.647	0.001
>TCTGGGTCTG	4-TCTGGGTCTG	12.135400	-17.499152	0	T:4.0(1.79%),B:6.3(0.01%),P:1e-7	Tpos:10.5,Tstd:3.6,Bpos:9.1,Bstd:2.3,StrandBias:1.6,Multiplicity:1.00
0.001	0.001	0.001	0.997
0.001	0.997	0.001	0.001
0.001	0.001	0.001	0.997
0.357	0.001	0.641	0.001
0.001	0.001	0.997	0.001
0.001	0.284	0.714	0.001
0.001	0.001	0.001	0.997
0.001	0.997	0.001	0.001
0.001	0.001	0.001	0.997
0.001	0.001	0.997	0.001
>AAGTAAGTAC	5-AAGTAAGTAC	6.187716	-15.872887	0	T:11.0(4.93%),B:280.5(0.59%),P:1e-6	Tpos:8.7,Tstd:2.3,Bpos:8.6,Bstd:2.9,StrandBias:1.0,Multiplicity:1.09
0.491	0.339	0.085	0.085
0.831	0.084	0.001	0.084
0.084	0.084	0.831	0.001
0.152	0.260	0.170	0.418
0.671	0.327	0.001	0.001
0.576	0.085	0.254	0.085
0.074	0.001	0.841	0.084
0.001	0.063	0.158	0.778
0.598	0.084	0.001	0.317
0.001	0.997	0.001	0.001
