>CTTTCSMGTG	1-CTTTCSMGTG	10.112961	-21.928560	0	T:5.0(2.24%),B:7.8(0.02%),P:1e-9	Tpos:10.4,Tstd:1.6,Bpos:10.8,Bstd:3.0,StrandBias:0.6,Multiplicity:1.00
0.001	0.997	0.001	0.001
0.001	0.024	0.001	0.974
0.001	0.001	0.001	0.997
0.001	0.001	0.001	0.997
0.001	0.997	0.001	0.001
0.001	0.541	0.457	0.001
0.541	0.457	0.001	0.001
0.001	0.001	0.914	0.084
0.001	0.001	0.001	0.997
0.001	0.001	0.997	0.001
>CAGGATGAGT	2-CAGGATGAGT	9.524883	-20.826597	0	T:7.0(3.14%),B:38.8(0.08%),P:1e-9	Tpos:7.1,Tstd:1.9,Bpos:8.9,Bstd:3.5,StrandBias:-0.4,Multiplicity:1.00
0.001	0.997	0.001	0.001
0.524	0.221	0.001	0.254
0.254	0.001	0.744	0.001
0.001	0.001	0.997	0.001
0.997	0.001	0.001	0.001
0.001	0.001	0.001	0.997
0.001	0.011	0.987	0.001
0.545	0.233	0.001	0.221
0.266	0.221	0.512	0.001
0.001	0.001	0.254	0.744
>AAGACCCHGG	3-AAGACCCHGG	6.411775	-17.944742	0	T:12.0(5.38%),B:285.5(0.60%),P:1e-7	Tpos:9.4,Tstd:2.6,Bpos:9.3,Bstd:3.3,StrandBias:0.3,Multiplicity:1.00
0.687	0.160	0.107	0.046
0.484	0.207	0.196	0.113
0.001	0.157	0.730	0.112
0.666	0.162	0.116	0.056
0.150	0.499	0.056	0.295
0.035	0.908	0.056	0.001
0.275	0.453	0.168	0.103
0.263	0.273	0.116	0.348
0.001	0.115	0.883	0.001
0.351	0.001	0.647	0.001
>TCTGGGTCTG	4-TCTGGGTCTG	12.135400	-17.499152	0	T:4.0(1.79%),B:6.3(0.01%),P:1e-7	Tpos:10.5,Tstd:3.6,Bpos:9.1,Bstd:2.3,StrandBias:1.6,Multiplicity:1.00
0.001	0.001	0.001	0.997
0.001	0.997	0.001	0.001
0.001	0.001	0.001	0.997
0.357	0.001	0.641	0.001
0.001	0.001	0.997	0.001
0.001	0.284	0.714	0.001
0.001	0.001	0.001	0.997
0.001	0.997	0.001	0.001
0.001	0.001	0.001	0.997
0.001	0.001	0.997	0.001
>AAGTAAGTAC	5-AAGTAAGTAC	6.187716	-15.872887	0	T:11.0(4.93%),B:280.5(0.59%),P:1e-6	Tpos:8.7,Tstd:2.3,Bpos:8.6,Bstd:2.9,StrandBias:1.0,Multiplicity:1.09
0.491	0.339	0.085	0.085
0.831	0.084	0.001	0.084
0.084	0.084	0.831	0.001
0.152	0.260	0.170	0.418
0.671	0.327	0.001	0.001
0.576	0.085	0.254	0.085
0.074	0.001	0.841	0.084
0.001	0.063	0.158	0.778
0.598	0.084	0.001	0.317
0.001	0.997	0.001	0.001
>AAAAAGAGGCCC	1-AAAAAGAGGCCC	10.758742	-31.614177	0	T:7.0(3.14%),B:8.2(0.02%),P:1e-13	Tpos:8.3,Tstd:1.3,Bpos:7.2,Bstd:2.4,StrandBias:-3.0,Multiplicity:1.00
0.806	0.192	0.001	0.001
0.597	0.001	0.401	0.001
0.806	0.001	0.192	0.001
0.806	0.001	0.192	0.001
0.997	0.001	0.001	0.001
0.401	0.001	0.597	0.001
0.386	0.209	0.209	0.196
0.001	0.193	0.790	0.016
0.001	0.228	0.770	0.001
0.001	0.806	0.001	0.192
0.001	0.997	0.001	0.001
0.001	0.983	0.015	0.001
>KSYTTCCATTSS	2-KSYTTCCATTSS	11.611239	-28.173229	0	T:5.0(2.24%),B:2.1(0.00%),P:1e-12	Tpos:10.0,Tstd:1.9,Bpos:12.8,Bstd:0.4,StrandBias:2.0,Multiplicity:1.00
0.001	0.001	0.541	0.457
0.001	0.541	0.457	0.001
0.001	0.499	0.001	0.499
0.001	0.001	0.001	0.997
0.001	0.001	0.001	0.997
0.001	0.997	0.001	0.001
0.001	0.997	0.001	0.001
0.997	0.001	0.001	0.001
0.001	0.001	0.001	0.997
0.001	0.001	0.001	0.997
0.001	0.457	0.541	0.001
0.001	0.457	0.457	0.085
>CAGTTTCTTGGA	3-CAGTTTCTTGGA	11.265293	-17.499152	0	T:4.0(1.79%),B:6.3(0.01%),P:1e-7	Tpos:8.0,Tstd:2.9,Bpos:9.2,Bstd:2.2,StrandBias:10.0,Multiplicity:1.00
0.001	0.997	0.001	0.001
0.997	0.001	0.001	0.001
0.001	0.001	0.997	0.001
0.313	0.001	0.001	0.685
0.001	0.371	0.001	0.627
0.001	0.313	0.001	0.685
0.001	0.997	0.001	0.001
0.001	0.313	0.001	0.685
0.001	0.058	0.314	0.627
0.001	0.001	0.685	0.313
0.001	0.001	0.997	0.001
0.997	0.001	0.001	0.001
>GACAACTTCKAG	4-GACAACTTCKAG	7.829589	-14.299804	0	T:7.0(3.14%),B:100.7(0.21%),P:1e-6	Tpos:7.6,Tstd:1.5,Bpos:9.0,Bstd:2.7,StrandBias:2.6,Multiplicity:1.00
0.001	0.193	0.776	0.030
0.583	0.001	0.415	0.001
0.193	0.386	0.193	0.229
0.583	0.001	0.415	0.001
0.776	0.001	0.222	0.001
0.192	0.806	0.001	0.001
0.193	0.193	0.001	0.613
0.001	0.001	0.001	0.997
0.001	0.613	0.385	0.001
0.193	0.001	0.385	0.421
0.613	0.001	0.385	0.001
0.001	0.001	0.997	0.001
>GCAATCAATKTG	5-GCAATCAATKTG	6.822509	-13.612903	0	T:7.0(3.14%),B:112.0(0.24%),P:1e-5	Tpos:7.7,Tstd:1.7,Bpos:9.2,Bstd:2.9,StrandBias:2.6,Multiplicity:1.00
0.001	0.139	0.582	0.278
0.139	0.582	0.278	0.001
0.443	0.139	0.278	0.139
0.721	0.001	0.001	0.277
0.001	0.139	0.022	0.838
0.139	0.838	0.001	0.022
0.838	0.022	0.139	0.001
0.860	0.001	0.138	0.001
0.139	0.001	0.278	0.582
0.139	0.001	0.443	0.417
0.139	0.001	0.139	0.721
0.278	0.139	0.582	0.001
>WTCCTHTC	1-WTCCTHTC	5.789583	-15.910489	0	T:19.0(8.52%),B:930.4(1.96%),P:1e-6	Tpos:9.8,Tstd:3.3,Bpos:8.9,Bstd:3.3,StrandBias:1.6,Multiplicity:1.05
0.462	0.001	0.101	0.436
0.006	0.095	0.213	0.686
0.110	0.703	0.093	0.094
0.001	0.986	0.012	0.001
0.342	0.006	0.001	0.651
0.278	0.323	0.100	0.299
0.001	0.001	0.001	0.997
0.001	0.760	0.238	0.001
>MTCTCTGG	2-MTCTCTGG	7.107094	-14.410761	0	T:9.0(4.04%),B:198.8(0.42%),P:1e-6	Tpos:11.0,Tstd:3.2,Bpos:9.1,Bstd:3.8,StrandBias:1.0,Multiplicity:1.00
0.429	0.569	0.001	0.001
0.001	0.001	0.001	0.997
0.001	0.997	0.001	0.001
0.001	0.001	0.052	0.946
0.001	0.997	0.001	0.001
0.001	0.001	0.001	0.997
0.001	0.001	0.997	0.001
0.001	0.359	0.639	0.001
>TGATTCAG	3-TGATTCAG	5.000356	-12.796912	0	T:20.0(8.97%),B:1260.6(2.66%),P:1e-5	Tpos:10.6,Tstd:3.4,Bpos:9.0,Bstd:3.8,StrandBias:1.0,Multiplicity:1.05
0.001	0.030	0.067	0.902
0.046	0.125	0.604	0.225
0.709	0.048	0.072	0.171
0.118	0.183	0.089	0.610
0.058	0.102	0.036	0.804
0.082	0.828	0.030	0.060
0.816	0.067	0.029	0.088
0.081	0.059	0.741	0.119
>AGGACCTC	4-AGGACCTC	7.839830	-12.208669	0	T:8.0(3.59%),B:195.9(0.41%),P:1e-5	Tpos:6.8,Tstd:2.4,Bpos:8.9,Bstd:3.1,StrandBias:0.6,Multiplicity:1.12
0.997	0.001	0.001	0.001
0.129	0.001	0.869	0.001
0.001	0.095	0.751	0.153
0.807	0.104	0.088	0.001
0.001	0.899	0.099	0.001
0.001	0.997	0.001	0.001
0.122	0.001	0.001	0.876
0.001	0.904	0.094	0.001
>CACCCGGG	5-CACCCGGG	8.861172	-8.687694	0	T:3.0(1.35%),B:22.8(0.05%),P:1e-3	Tpos:5.0,Tstd:2.2,Bpos:9.1,Bstd:3.4,StrandBias:1.0,Multiplicity:1.00
0.094	0.724	0.181	0.001
0.593	0.358	0.001	0.048
0.001	0.900	0.001	0.098
0.001	0.997	0.001	0.001
0.229	0.613	0.001	0.157
0.196	0.001	0.520	0.283
0.097	0.023	0.879	0.001
0.001	0.001	0.997	0.001
