>AAAAAGAGGCCC	1-AAAAAGAGGCCC	10.758742	-31.614177	0	T:7.0(3.14%),B:8.2(0.02%),P:1e-13	Tpos:8.3,Tstd:1.3,Bpos:7.2,Bstd:2.4,StrandBias:-3.0,Multiplicity:1.00
0.806	0.192	0.001	0.001
0.597	0.001	0.401	0.001
0.806	0.001	0.192	0.001
0.806	0.001	0.192	0.001
0.997	0.001	0.001	0.001
0.401	0.001	0.597	0.001
0.386	0.209	0.209	0.196
0.001	0.193	0.790	0.016
0.001	0.228	0.770	0.001
0.001	0.806	0.001	0.192
0.001	0.997	0.001	0.001
0.001	0.983	0.015	0.001
>KSYTTCCATTSS	2-KSYTTCCATTSS	11.611239	-28.173229	0	T:5.0(2.24%),B:2.1(0.00%),P:1e-12	Tpos:10.0,Tstd:1.9,Bpos:12.8,Bstd:0.4,StrandBias:2.0,Multiplicity:1.00
0.001	0.001	0.541	0.457
0.001	0.541	0.457	0.001
0.001	0.499	0.001	0.499
0.001	0.001	0.001	0.997
0.001	0.001	0.001	0.997
0.001	0.997	0.001	0.001
0.001	0.997	0.001	0.001
0.997	0.001	0.001	0.001
0.001	0.001	0.001	0.997
0.001	0.001	0.001	0.997
0.001	0.457	0.541	0.001
0.001	0.457	0.457	0.085
>CAGTTTCTTGGA	3-CAGTTTCTTGGA	11.265293	-17.499152	0	T:4.0(1.79%),B:6.3(0.01%),P:1e-7	Tpos:8.0,Tstd:2.9,Bpos:9.2,Bstd:2.2,StrandBias:10.0,Multiplicity:1.00
0.001	0.997	0.001	0.001
0.997	0.001	0.001	0.001
0.001	0.001	0.997	0.001
0.313	0.001	0.001	0.685
0.001	0.371	0.001	0.627
0.001	0.313	0.001	0.685
0.001	0.997	0.001	0.001
0.001	0.313	0.001	0.685
0.001	0.058	0.314	0.627
0.001	0.001	0.685	0.313
0.001	0.001	0.997	0.001
0.997	0.001	0.001	0.001
>GACAACTTCKAG	4-GACAACTTCKAG	7.829589	-14.299804	0	T:7.0(3.14%),B:100.7(0.21%),P:1e-6	Tpos:7.6,Tstd:1.5,Bpos:9.0,Bstd:2.7,StrandBias:2.6,Multiplicity:1.00
0.001	0.193	0.776	0.030
0.583	0.001	0.415	0.001
0.193	0.386	0.193	0.229
0.583	0.001	0.415	0.001
0.776	0.001	0.222	0.001
0.192	0.806	0.001	0.001
0.193	0.193	0.001	0.613
0.001	0.001	0.001	0.997
0.001	0.613	0.385	0.001
0.193	0.001	0.385	0.421
0.613	0.001	0.385	0.001
0.001	0.001	0.997	0.001
>GCAATCAATKTG	5-GCAATCAATKTG	6.822509	-13.612903	0	T:7.0(3.14%),B:112.0(0.24%),P:1e-5	Tpos:7.7,Tstd:1.7,Bpos:9.2,Bstd:2.9,StrandBias:2.6,Multiplicity:1.00
0.001	0.139	0.582	0.278
0.139	0.582	0.278	0.001
0.443	0.139	0.278	0.139
0.721	0.001	0.001	0.277
0.001	0.139	0.022	0.838
0.139	0.838	0.001	0.022
0.838	0.022	0.139	0.001
0.860	0.001	0.138	0.001
0.139	0.001	0.278	0.582
0.139	0.001	0.443	0.417
0.139	0.001	0.139	0.721
0.278	0.139	0.582	0.001
