>CGTGTGACTC	1-CGTGTGACTC	9.004678	-19.865956	0	T:36.0(30.25%),B:5260.2(10.41%),P:1e-8	Tpos:6178.2,Tstd:6208.9,Bpos:3970.3,Bstd:2331.1,StrandBias:-0.2,Multiplicity:1.19
0.038	0.960	0.001	0.001
0.001	0.001	0.997	0.001
0.001	0.001	0.141	0.857
0.001	0.061	0.850	0.088
0.001	0.001	0.001	0.997
0.107	0.058	0.834	0.001
0.771	0.164	0.031	0.034
0.001	0.997	0.001	0.001
0.062	0.039	0.001	0.898
0.084	0.881	0.034	0.001
>GCTTGTAAGA	2-GCTTGTAAGA	10.841453	-13.020849	0	T:12.0(10.08%),B:926.8(1.83%),P:1e-5	Tpos:6986.8,Tstd:6021.2,Bpos:3938.7,Bstd:2416.4,StrandBias:-0.2,Multiplicity:1.25
0.001	0.001	0.997	0.001
0.001	0.997	0.001	0.001
0.001	0.001	0.152	0.846
0.001	0.001	0.001	0.997
0.059	0.001	0.939	0.001
0.001	0.001	0.001	0.997
0.997	0.001	0.001	0.001
0.997	0.001	0.001	0.001
0.001	0.001	0.997	0.001
0.997	0.001	0.001	0.001
>TGACTCATCG	3-TGACTCATCG	9.567580	-10.867633	0	T:23.0(19.33%),B:3736.4(7.39%),P:1e-4	Tpos:4699.4,Tstd:3545.5,Bpos:3933.5,Bstd:2376.9,StrandBias:-0.8,Multiplicity:1.17
0.001	0.136	0.001	0.862
0.001	0.071	0.837	0.091
0.997	0.001	0.001	0.001
0.001	0.913	0.001	0.085
0.001	0.001	0.001	0.997
0.113	0.798	0.088	0.001
0.931	0.001	0.001	0.067
0.001	0.036	0.001	0.962
0.022	0.847	0.034	0.097
0.014	0.001	0.919	0.066
>CTCGAGCACA	4-CTCGAGCACA	8.257397	-8.854340	0	T:44.0(36.97%),B:11106.7(21.98%),P:1e-3	Tpos:5240.5,Tstd:3810.2,Bpos:4004.5,Bstd:2394.3,StrandBias:-0.1,Multiplicity:1.73
0.126	0.775	0.005	0.094
0.153	0.179	0.002	0.666
0.030	0.963	0.004	0.003
0.001	0.063	0.935	0.001
0.687	0.007	0.074	0.232
0.003	0.101	0.851	0.045
0.083	0.649	0.169	0.099
0.921	0.001	0.009	0.069
0.224	0.698	0.070	0.008
0.792	0.070	0.002	0.136
>CGGGAATGAA	5-CGGGAATGAA	11.454187	-8.412258	0	T:14.0(11.76%),B:1959.8(3.88%),P:1e-3	Tpos:4783.2,Tstd:5747.7,Bpos:3893.9,Bstd:2404.7,StrandBias:1.9,Multiplicity:2.07
0.001	0.761	0.237	0.001
0.001	0.350	0.648	0.001
0.001	0.001	0.997	0.001
0.001	0.400	0.598	0.001
0.997	0.001	0.001	0.001
0.997	0.001	0.001	0.001
0.001	0.001	0.001	0.997
0.001	0.001	0.997	0.001
0.997	0.001	0.001	0.001
0.997	0.001	0.001	0.001
>AGTAGCACGC	6-AGTAGCACGC	10.296193	-7.147381	0	T:3.0(2.52%),B:76.0(0.15%),P:1e-3	Tpos:3086.7,Tstd:2579.5,Bpos:3687.5,Bstd:2248.9,StrandBias:10.0,Multiplicity:2.00
0.700	0.100	0.100	0.100
0.100	0.100	0.700	0.100
0.100	0.100	0.100	0.700
0.700	0.100	0.100	0.100
0.100	0.100	0.700	0.100
0.100	0.700	0.100	0.100
0.700	0.100	0.100	0.100
0.100	0.700	0.100	0.100
0.100	0.100	0.700	0.100
0.100	0.700	0.100	0.100
>TCATTCATTC	7-TCATTCATTC	9.253871	-6.586339	0	T:53.0(44.54%),B:15704.6(31.07%),P:1e-2	Tpos:6415.8,Tstd:3997.7,Bpos:3801.3,Bstd:2450.7,StrandBias:0.8,Multiplicity:1.55
0.001	0.001	0.022	0.976
0.025	0.957	0.017	0.001
0.885	0.095	0.019	0.001
0.081	0.074	0.001	0.844
0.001	0.012	0.001	0.986
0.001	0.991	0.007	0.001
0.935	0.001	0.063	0.001
0.008	0.074	0.001	0.917
0.012	0.001	0.001	0.986
0.001	0.973	0.025	0.001
>GCGGAGCTCA	8-GCGGAGCTCA	11.204813	-5.940412	0	T:6.0(5.04%),B:580.8(1.15%),P:1e-2	Tpos:16229.2,Tstd:5363.3,Bpos:3571.8,Bstd:2296.4,StrandBias:3.4,Multiplicity:5.83
0.001	0.001	0.997	0.001
0.001	0.997	0.001	0.001
0.001	0.001	0.997	0.001
0.072	0.001	0.926	0.001
0.997	0.001	0.001	0.001
0.001	0.001	0.997	0.001
0.001	0.997	0.001	0.001
0.001	0.001	0.001	0.997
0.001	0.997	0.001	0.001
0.997	0.001	0.001	0.001
>ACAGCCTCAC	9-ACAGCCTCAC	9.991735	-5.624377	0	T:13.0(10.92%),B:2343.4(4.64%),P:1e-2	Tpos:3055.8,Tstd:2699.4,Bpos:3921.5,Bstd:2396.2,StrandBias:-3.1,Multiplicity:2.92
0.997	0.001	0.001	0.001
0.001	0.997	0.001	0.001
0.976	0.001	0.022	0.001
0.001	0.001	0.997	0.001
0.001	0.997	0.001	0.001
0.001	0.970	0.028	0.001
0.001	0.001	0.001	0.997
0.001	0.997	0.001	0.001
0.997	0.001	0.001	0.001
0.001	0.997	0.001	0.001
>CAYWMHACAC	10-CAYWMHACAC	7.913364	-3.842893	0	T:32.0(26.89%),B:9578.7(18.95%),P:1e-1	Tpos:4042.4,Tstd:4210.2,Bpos:3965.5,Bstd:2571.5,StrandBias:1.7,Multiplicity:3.35
0.154	0.532	0.043	0.271
0.828	0.073	0.030	0.069
0.227	0.406	0.013	0.354
0.460	0.126	0.099	0.315
0.452	0.514	0.024	0.010
0.257	0.335	0.157	0.251
0.642	0.031	0.100	0.227
0.024	0.901	0.040	0.035
0.720	0.035	0.207	0.038
0.027	0.655	0.197	0.121
>AATTAATTAA	11-AATTAATTAA	10.296193	-3.164696	0	T:13.0(10.92%),B:3243.6(6.42%),P:1e-1	Tpos:7543.1,Tstd:5337.9,Bpos:3867.4,Bstd:2413.9,StrandBias:0.2,Multiplicity:1.08
0.700	0.100	0.100	0.100
0.700	0.100	0.100	0.100
0.100	0.100	0.100	0.700
0.100	0.100	0.100	0.700
0.700	0.100	0.100	0.100
0.700	0.100	0.100	0.100
0.100	0.100	0.100	0.700
0.100	0.100	0.100	0.700
0.700	0.100	0.100	0.100
0.700	0.100	0.100	0.100
>GTGTGGTTGT	12-GTGTGGTTGT	10.296193	-1.909170	0	T:5.0(4.20%),B:1184.8(2.34%),P:1e0	Tpos:1723.8,Tstd:1900.7,Bpos:3798.9,Bstd:2408.9,StrandBias:-3.8,Multiplicity:11.60
0.100	0.100	0.700	0.100
0.100	0.100	0.100	0.700
0.100	0.100	0.700	0.100
0.100	0.100	0.100	0.700
0.100	0.100	0.700	0.100
0.100	0.100	0.700	0.100
0.100	0.100	0.100	0.700
0.100	0.100	0.100	0.700
0.100	0.100	0.700	0.100
0.100	0.100	0.100	0.700
>GTAATGCTCT	13-GTAATGCTCT	10.296193	-1.636950	0	T:2.0(1.68%),B:344.1(0.68%),P:1e0	Tpos:18151.0,Tstd:2589.7,Bpos:3714.2,Bstd:2448.9,StrandBias:10.0,Multiplicity:14.50
0.100	0.100	0.700	0.100
0.100	0.100	0.100	0.700
0.700	0.100	0.100	0.100
0.700	0.100	0.100	0.100
0.100	0.100	0.100	0.700
0.100	0.100	0.700	0.100
0.100	0.700	0.100	0.100
0.100	0.100	0.100	0.700
0.100	0.700	0.100	0.100
0.100	0.100	0.100	0.700
>TATGTTATAT	14-TATGTTATAT	13.688561	-1.083819	0	T:4.0(3.36%),B:1247.0(2.47%),P:1e0	Tpos:5852.3,Tstd:1411.6,Bpos:4012.5,Bstd:2289.2,StrandBias:0.1,Multiplicity:5.75
0.001	0.001	0.135	0.863
0.997	0.001	0.001	0.001
0.001	0.001	0.001	0.997
0.001	0.001	0.997	0.001
0.001	0.001	0.001	0.997
0.001	0.001	0.001	0.997
0.997	0.001	0.001	0.001
0.001	0.001	0.001	0.997
0.997	0.001	0.001	0.001
0.001	0.001	0.001	0.997
>GGGTCTCAGA	15-GGGTCTCAGA	10.296193	-0.668514	0	T:4.0(3.36%),B:1580.4(3.13%),P:1e0	Tpos:2106.8,Tstd:1403.8,Bpos:3934.0,Bstd:2388.1,StrandBias:10.0,Multiplicity:6.50
0.100	0.100	0.700	0.100
0.100	0.100	0.700	0.100
0.100	0.100	0.700	0.100
0.100	0.100	0.100	0.700
0.100	0.700	0.100	0.100
0.100	0.100	0.100	0.700
0.100	0.700	0.100	0.100
0.700	0.100	0.100	0.100
0.100	0.100	0.700	0.100
0.700	0.100	0.100	0.100
