>ATATAACATAKA	19-ATATAACATAKA	11.972830	-4.705442	0	T:6.0(5.04%),B:752.1(1.49%),P:1e-2
0.820	0.003	0.130	0.047
0.205	0.040	0.142	0.613
0.918	0.001	0.043	0.038
0.073	0.135	0.098	0.694
0.808	0.190	0.001	0.001
0.544	0.108	0.139	0.209
0.042	0.956	0.001	0.001
0.780	0.001	0.001	0.218
0.001	0.001	0.076	0.922
0.897	0.005	0.097	0.001
0.064	0.001	0.413	0.522
0.623	0.248	0.048	0.081
