>CGTGTGACTC	1-CGTGTGACTC	9.098123	-19.748565	0	T:36.0(30.25%),B:5284.2(10.45%),P:1e-8	Tpos:6178.2,Tstd:6208.9,Bpos:3916.2,Bstd:2329.8,StrandBias:-0.2,Multiplicity:1.19
0.039	0.959	0.001	0.001
0.001	0.001	0.997	0.001
0.001	0.001	0.138	0.860
0.001	0.063	0.844	0.092
0.001	0.001	0.001	0.997
0.101	0.056	0.842	0.001
0.765	0.170	0.029	0.036
0.001	0.997	0.001	0.001
0.055	0.043	0.001	0.901
0.085	0.879	0.035	0.001
>YGTAWGGTAH	2-YGTAWGGTAH	7.583985	-13.857711	0	T:31.0(26.05%),B:5214.1(10.32%),P:1e-6	Tpos:5191.9,Tstd:4105.8,Bpos:3950.5,Bstd:2400.2,StrandBias:0.4,Multiplicity:1.48
0.219	0.247	0.144	0.389
0.041	0.052	0.832	0.075
0.037	0.324	0.019	0.620
0.689	0.171	0.053	0.087
0.390	0.060	0.055	0.494
0.324	0.046	0.602	0.028
0.083	0.055	0.804	0.058
0.064	0.122	0.176	0.638
0.456	0.241	0.260	0.043
0.247	0.236	0.139	0.378
>GCTTGTAAGA	3-GCTTGTAAGA	11.211383	-12.325298	0	T:22.0(18.49%),B:3161.9(6.26%),P:1e-5	Tpos:5920.3,Tstd:5315.4,Bpos:3898.3,Bstd:2410.1,StrandBias:-0.7,Multiplicity:1.18
0.001	0.001	0.997	0.001
0.376	0.622	0.001	0.001
0.001	0.001	0.023	0.975
0.001	0.001	0.001	0.997
0.378	0.001	0.620	0.001
0.001	0.001	0.001	0.997
0.997	0.001	0.001	0.001
0.997	0.001	0.001	0.001
0.001	0.001	0.682	0.316
0.997	0.001	0.001	0.001
>TGACTCATCG	4-TGACTCATCG	9.546638	-10.602612	0	T:23.0(19.33%),B:3800.1(7.52%),P:1e-4	Tpos:4699.4,Tstd:3545.5,Bpos:3885.9,Bstd:2396.2,StrandBias:-0.8,Multiplicity:1.17
0.001	0.135	0.001	0.863
0.001	0.068	0.843	0.088
0.997	0.001	0.001	0.001
0.001	0.908	0.001	0.090
0.001	0.001	0.001	0.997
0.112	0.801	0.086	0.001
0.922	0.001	0.001	0.076
0.001	0.038	0.001	0.960
0.022	0.850	0.031	0.097
0.015	0.001	0.925	0.059
>CGGGAATGAA	5-CGGGAATGAA	11.416934	-8.586833	0	T:14.0(11.76%),B:1926.6(3.81%),P:1e-3	Tpos:4783.2,Tstd:5747.7,Bpos:3980.5,Bstd:2326.2,StrandBias:1.9,Multiplicity:2.07
0.001	0.767	0.231	0.001
0.001	0.341	0.657	0.001
0.001	0.001	0.997	0.001
0.001	0.415	0.583	0.001
0.997	0.001	0.001	0.001
0.997	0.001	0.001	0.001
0.001	0.001	0.001	0.997
0.001	0.001	0.997	0.001
0.997	0.001	0.001	0.001
0.997	0.001	0.001	0.001
>AGTAGCACGC	6-AGTAGCACGC	10.296193	-7.650385	0	T:3.0(2.52%),B:63.7(0.13%),P:1e-3	Tpos:3086.7,Tstd:2579.5,Bpos:3649.5,Bstd:2042.5,StrandBias:10.0,Multiplicity:2.00
0.700	0.100	0.100	0.100
0.100	0.100	0.700	0.100
0.100	0.100	0.100	0.700
0.700	0.100	0.100	0.100
0.100	0.100	0.700	0.100
0.100	0.700	0.100	0.100
0.700	0.100	0.100	0.100
0.100	0.700	0.100	0.100
0.100	0.100	0.700	0.100
0.100	0.700	0.100	0.100
>CTCGAGCACW	7-CTCGAGCACW	10.602188	-6.978354	0	T:30.0(25.21%),B:7125.9(14.10%),P:1e-3	Tpos:5097.7,Tstd:4870.0,Bpos:3979.8,Bstd:2430.4,StrandBias:0.0,Multiplicity:1.67
0.001	0.997	0.001	0.001
0.235	0.001	0.001	0.763
0.001	0.997	0.001	0.001
0.001	0.307	0.691	0.001
0.997	0.001	0.001	0.001
0.001	0.001	0.997	0.001
0.001	0.997	0.001	0.001
0.997	0.001	0.001	0.001
0.001	0.997	0.001	0.001
0.543	0.001	0.001	0.455
>TCATTCATTC	8-TCATTCATTC	10.611550	-6.322062	0	T:40.0(33.61%),B:10957.1(21.68%),P:1e-2	Tpos:6585.5,Tstd:4135.2,Bpos:3899.5,Bstd:2456.4,StrandBias:1.0,Multiplicity:1.52
0.001	0.001	0.026	0.972
0.025	0.958	0.016	0.001
0.875	0.105	0.019	0.001
0.086	0.055	0.001	0.858
0.001	0.014	0.001	0.984
0.001	0.990	0.008	0.001
0.934	0.001	0.064	0.001
0.008	0.065	0.001	0.926
0.012	0.001	0.001	0.986
0.001	0.973	0.025	0.001
>TGAGGAGCAC	9-TGAGGAGCAC	11.773912	-5.538116	0	T:15.0(12.61%),B:2942.3(5.82%),P:1e-2	Tpos:5917.2,Tstd:4794.7,Bpos:3963.7,Bstd:2403.1,StrandBias:1.1,Multiplicity:1.67
0.001	0.001	0.001	0.997
0.001	0.001	0.997	0.001
0.997	0.001	0.001	0.001
0.001	0.001	0.997	0.001
0.001	0.183	0.815	0.001
0.693	0.001	0.001	0.305
0.001	0.001	0.997	0.001
0.001	0.997	0.001	0.001
0.997	0.001	0.001	0.001
0.001	0.997	0.001	0.001
>ACAGCCTCAC	10-ACAGCCTCAC	9.992765	-5.512265	0	T:13.0(10.92%),B:2375.9(4.70%),P:1e-2	Tpos:3055.8,Tstd:2699.4,Bpos:3900.7,Bstd:2408.6,StrandBias:-3.1,Multiplicity:2.92
0.997	0.001	0.001	0.001
0.001	0.997	0.001	0.001
0.976	0.001	0.022	0.001
0.001	0.001	0.997	0.001
0.001	0.997	0.001	0.001
0.001	0.971	0.027	0.001
0.001	0.001	0.001	0.997
0.001	0.997	0.001	0.001
0.997	0.001	0.001	0.001
0.001	0.997	0.001	0.001
>GCGGAGCTCA	11-GCGGAGCTCA	13.692687	-5.078240	0	T:5.0(4.20%),B:489.9(0.97%),P:1e-2	Tpos:16586.8,Tstd:5013.4,Bpos:3606.1,Bstd:2304.5,StrandBias:3.4,Multiplicity:6.80
0.001	0.001	0.997	0.001
0.001	0.997	0.001	0.001
0.001	0.001	0.997	0.001
0.067	0.001	0.931	0.001
0.997	0.001	0.001	0.001
0.001	0.001	0.997	0.001
0.001	0.928	0.001	0.070
0.001	0.001	0.001	0.997
0.001	0.997	0.001	0.001
0.997	0.001	0.001	0.001
>CACWCCACAC	12-CACWCCACAC	10.199681	-4.765450	0	T:34.0(28.57%),B:9694.7(19.18%),P:1e-2	Tpos:4081.1,Tstd:4239.4,Bpos:3981.4,Bstd:2553.3,StrandBias:1.6,Multiplicity:2.97
0.052	0.823	0.001	0.124
0.997	0.001	0.001	0.001
0.144	0.710	0.001	0.145
0.547	0.001	0.047	0.405
0.356	0.642	0.001	0.001
0.268	0.623	0.062	0.047
0.922	0.001	0.051	0.026
0.001	0.997	0.001	0.001
0.952	0.001	0.046	0.001
0.001	0.964	0.034	0.001
>CAATCAWACA	13-CAATCAWACA	9.378768	-4.180250	0	T:26.0(21.85%),B:7168.2(14.18%),P:1e-1	Tpos:4023.9,Tstd:4054.8,Bpos:3936.8,Bstd:2398.5,StrandBias:0.1,Multiplicity:1.65
0.001	0.902	0.096	0.001
0.667	0.055	0.268	0.010
0.898	0.001	0.100	0.001
0.049	0.075	0.001	0.875
0.001	0.997	0.001	0.001
0.940	0.054	0.001	0.005
0.370	0.098	0.014	0.518
0.900	0.049	0.012	0.039
0.001	0.997	0.001	0.001
0.721	0.076	0.171	0.032
>AATTAATTAA	14-AATTAATTAA	10.296193	-3.204969	0	T:13.0(10.92%),B:3224.8(6.38%),P:1e-1	Tpos:7543.1,Tstd:5337.9,Bpos:3821.0,Bstd:2356.8,StrandBias:0.2,Multiplicity:1.08
0.700	0.100	0.100	0.100
0.700	0.100	0.100	0.100
0.100	0.100	0.100	0.700
0.100	0.100	0.100	0.700
0.700	0.100	0.100	0.100
0.700	0.100	0.100	0.100
0.100	0.100	0.100	0.700
0.100	0.100	0.100	0.700
0.700	0.100	0.100	0.100
0.700	0.100	0.100	0.100
>TGTGTGGTTG	15-TGTGTGGTTG	10.296193	-2.183626	0	T:6.0(5.04%),B:1396.7(2.76%),P:1e0	Tpos:1829.5,Tstd:2437.7,Bpos:3806.5,Bstd:2416.4,StrandBias:-4.2,Multiplicity:10.00
0.100	0.100	0.100	0.700
0.100	0.100	0.700	0.100
0.100	0.100	0.100	0.700
0.100	0.100	0.700	0.100
0.100	0.100	0.100	0.700
0.100	0.100	0.700	0.100
0.100	0.100	0.700	0.100
0.100	0.100	0.100	0.700
0.100	0.100	0.100	0.700
0.100	0.100	0.700	0.100
>GTAATGCTCT	16-GTAATGCTCT	10.296193	-1.536833	0	T:2.0(1.68%),B:368.8(0.73%),P:1e0	Tpos:18151.0,Tstd:2589.7,Bpos:3842.7,Bstd:2353.4,StrandBias:10.0,Multiplicity:14.50
0.100	0.100	0.700	0.100
0.100	0.100	0.100	0.700
0.700	0.100	0.100	0.100
0.700	0.100	0.100	0.100
0.100	0.100	0.100	0.700
0.100	0.100	0.700	0.100
0.100	0.700	0.100	0.100
0.100	0.100	0.100	0.700
0.100	0.700	0.100	0.100
0.100	0.100	0.100	0.700
>TATGTTATAT	17-TATGTTATAT	13.687402	-0.951272	0	T:4.0(3.36%),B:1338.0(2.65%),P:1e0	Tpos:5852.3,Tstd:1411.6,Bpos:3859.0,Bstd:2304.7,StrandBias:0.1,Multiplicity:5.75
0.001	0.001	0.136	0.862
0.997	0.001	0.001	0.001
0.001	0.001	0.001	0.997
0.001	0.001	0.997	0.001
0.001	0.001	0.001	0.997
0.001	0.001	0.001	0.997
0.997	0.001	0.001	0.001
0.001	0.001	0.001	0.997
0.997	0.001	0.001	0.001
0.001	0.001	0.001	0.997
>GGGTCTCAGA	18-GGGTCTCAGA	10.296193	-0.638362	0	T:4.0(3.36%),B:1612.2(3.19%),P:1e0	Tpos:2106.8,Tstd:1403.8,Bpos:3973.4,Bstd:2405.3,StrandBias:10.0,Multiplicity:6.50
0.100	0.100	0.700	0.100
0.100	0.100	0.700	0.100
0.100	0.100	0.700	0.100
0.100	0.100	0.100	0.700
0.100	0.700	0.100	0.100
0.100	0.100	0.100	0.700
0.100	0.700	0.100	0.100
0.700	0.100	0.100	0.100
0.100	0.100	0.700	0.100
0.700	0.100	0.100	0.100
