>KAGTAGCACGCN	5-KAGTAGCACGCN	9.490884	-15.151985	0	T:3.0(2.52%),B:5.0(0.01%),P:1e-6
0.161	0.212	0.370	0.257
0.544	0.178	0.140	0.138
0.105	0.095	0.686	0.114
0.099	0.160	0.124	0.617
0.656	0.133	0.098	0.113
0.126	0.104	0.621	0.149
0.114	0.622	0.125	0.139
0.601	0.137	0.154	0.108
0.097	0.697	0.090	0.116
0.068	0.134	0.698	0.100
0.150	0.594	0.111	0.145
0.297	0.208	0.303	0.193
